i7-8550U @ 2.7~3.6GHz

normal
size	600			1000		1400		1800		2200		2600		3000	
c++
time(s)	0.250		1.768		6.601		27.009		52.646		89.877		143.854
L1 DCM	244728388	1216842566	3528398299	9061072157	17628872173	30884317479	50297633967
L2 DCM	39874464	277782547	1390008598	7492486288	23142390810	50643241664	92747283152

java
time(s)	0.88		4.923		15.775		34.589		64.971		105.871		166.848


line
size	600		    1000		1400		1800		2200		2600		3000		4096		6144		8192		10240
c++
time(s)	0.132		0.631		1.796		3.430		6.279		10.443		15.937		41.676		151.928
L1 DCM	27118271	125816560	346382263	746297424	2079894735	4414972873	6783148998	17617976859	59505035803
L2 DCM	58286018	253758932	691670273	1473428460	2667024631	4398785004	6761687815	17313538339	59190170493

java
time(s)	0.166		0.810		2.194		4.265		10.559		17.462		27.312		-			-			-			-


block
size	
